3x3 cov_matrix:

Covariance Matrix (Weekly):
[[0.00137138 0.00106065 0.00187121]
 [0.00106065 0.00279301 0.00218395]
 [0.00187121 0.00218395 0.00783026]]

 4x4 cov_ Matrix

 Covariance Matrix (Weekly):
[[0.00137138 0.00106065 0.00187121 0.00152848]
 [0.00106065 0.00279301 0.00218395 0.00173066]
 [0.00187121 0.00218395 0.00783026 0.00199913]
 [0.00152848 0.00173066 0.00199913 0.01098425]]


 5x5 cov_matrix

 Covariance Matrix (Weekly):
[[0.00137138 0.00106065 0.00187121 0.00152848 0.0008827 ]
 [0.00106065 0.00279301 0.00218395 0.00173066 0.00118203]
 [0.00187121 0.00218395 0.00783026 0.00199913 0.0019161 ]
 [0.00152848 0.00173066 0.00199913 0.01098425 0.00138468]
 [0.0008827  0.00118203 0.0019161  0.00138468 0.0015614 ]]